0 20.05 5.03681 5.03384 
0.0333333 20.049 5.24677 5.13804 
0.0666667 20.0464 5.45671 5.24108 
0.1 20.0421 5.66661 5.34184 
0.133333 20.0361 5.87645 5.43921 
0.166667 20.0285 6.08619 5.53212 
0.2 20.0193 6.29583 5.61954 
0.233333 20.0084 6.50533 5.70053 
0.266667 19.9958 6.71468 5.77418 
0.3 19.9816 6.92384 5.83968 
0.333333 19.9658 7.1328 5.89632 
0.366667 19.9483 7.34154 5.94348 
0.4 19.9291 7.55002 5.98062 
0.433333 19.9083 7.75823 6.00734 
0.466667 19.8859 7.96614 6.02334 
0.5 19.8618 8.17373 6.02845 
0.533333 19.8361 8.38098 6.0226 
0.566667 19.8088 8.58787 6.00586 
0.6 19.7798 8.79437 5.97841 
0.633333 19.7492 9.00045 5.94053 
0.666667 19.7169 9.2061 5.89265 
0.7 19.6831 9.41129 5.83529 
0.733334 19.6476 9.616 5.76906 
0.766667 19.6105 9.82021 5.6947 
0.8 19.5718 10.0239 5.61301 
0.833334 19.5315 10.227 5.52489 
0.866667 19.4896 10.4296 5.43129 
0.9 19.4461 10.6316 5.33324 
0.933334 19.401 10.8329 5.23182 
0.966667 19.3543 11.0336 5.12812 
1 19.306 11.2337 5.02329 
1.03333 19.2562 11.4331 4.91846 
1.06667 19.2047 11.6317 4.81478 
1.1 19.1517 11.8297 4.7134 
1.13333 19.0972 12.0268 4.6154 
1.16667 19.0411 12.2233 4.52187 
1.2 18.9834 12.4189 4.43383 
1.23333 18.9242 12.6137 4.35224 
1.26667 18.8635 12.8077 4.27799 
1.3 18.8013 13.0008 4.21189 
1.33333 18.7375 13.193 4.15467 
1.36667 18.6722 13.3843 4.10694 
1.4 18.6054 13.5747 4.06923 
1.43333 18.5371 13.7642 4.04196 
1.46667 18.4673 13.9527 4.02541 
1.5 18.396 14.1402 4.01977 
1.53333 18.3233 14.3267 4.0251 
1.56667 18.2491 14.5122 4.04134 
1.6 18.1734 14.6967 4.0683 
1.63333 18.0963 14.88 4.1057 
1.66667 18.0178 15.0623 4.15312 
1.7 17.9378 15.2435 4.21003 
1.73333 17.8564 15.4235 4.27583 
1.76667 17.7735 15.6024 4.34978 
1.8 17.6893 15.7802 4.43107 
1.83333 17.6037 15.9567 4.51882 
1.86667 17.5167 16.1321 4.61205 
1.9 17.4283 16.3062 4.70975 
1.93333 17.3385 16.479 4.81086 
1.96667 17.2474 16.6506 4.91425 
2 17.155 16.821 5.0188 
2.03333 17.0612 16.99 5.12336 
2.06667 16.9661 17.1577 5.22679 
2.1 16.8696 17.324 5.32795 
2.13333 16.7719 17.489 5.42574 
2.16667 16.6729 17.6527 5.51909 
2.2 16.5726 17.8149 5.60697 
2.23333 16.471 17.9757 5.68842 
2.26667 16.3682 18.1351 5.76255 
2.3 16.2641 18.293 5.82855 
2.33333 16.1588 18.4495 5.8857 
2.36667 16.0522 18.6045 5.93337 
2.4 15.9445 18.758 5.97105 
2.43333 15.8355 18.91 5.99831 
2.46667 15.7254 19.0605 6.01487 
2.5 15.6141 19.2094 6.02054 
2.53333 15.5016 19.3567 6.01527 
2.56667 15.388 19.5025 5.99911 
2.6 15.2732 19.6466 5.97224 
2.63333 15.1573 19.7892 5.93496 
2.66667 15.0403 19.9301 5.88768 
2.7 14.9222 20.0694 5.83092 
2.73333 14.803 20.207 5.76531 
2.76667 14.6827 20.343 5.69156 
2.8 14.5614 20.4772 5.61049 
2.83333 14.439 20.6098 5.52298 
2.86667 14.3156 20.7406 5.43001 
2.9 14.1912 20.8697 5.33258 
2.93333 14.0658 20.9971 5.23178 
2.96667 13.9394 21.1227 5.1287 
3 13.812 21.2465 5.02448 
3.03333 13.6836 21.3685 4.92027 
3.06667 13.5543 21.4888 4.81721 
3.1 13.4241 21.6072 4.71643 
3.13333 13.2929 21.7238 4.61904 
3.16667 13.1609 21.8385 4.52611 
3.2 13.0279 21.9514 4.43866 
3.23333 12.8941 22.0625 4.35766 
3.26666 12.7594 22.1716 4.28399 
3.3 12.6238 22.2789 4.21846 
3.33333 12.4875 22.3843 4.1618 
3.36666 12.3503 22.4878 4.11463 
3.4 12.2123 22.5893 4.07746 
3.43333 12.0735 22.6889 4.05072 
3.46666 11.934 22.7866 4.0347 
3.5 11.7937 22.8823 4.02957 
3.53333 11.6527 22.976 4.0354 
3.56666 11.5109 23.0678 4.05212 
3.6 11.3684 23.1576 4.07956 
3.63333 11.2253 23.2454 4.11741 
3.66666 11.0814 23.3312 4.16527 
3.7 10.9369 23.415 4.22262 
3.73333 10.7918 23.4967 4.28883 
3.76666 10.646 23.5765 4.36318 
3.8 10.4997 23.6542 4.44486 
3.83333 10.3527 23.7298 4.53297 
3.86666 10.2051 23.8034 4.62656 
3.9 10.057 23.875 4.7246 
3.93333 9.90835 23.9444 4.82602 
3.96666 9.75915 24.0118 4.92971 
4 9.60944 24.0772 5.03454 
4.03333 9.45923 24.1404 5.13937 
4.06666 9.30854 24.2015 5.24305 
4.1 9.15738 24.2605 5.34444 
4.13333 9.00577 24.3175 5.44244 
4.16666 8.85373 24.3723 5.53598 
4.2 8.70128 24.425 5.62403 
4.23333 8.54842 24.4755 5.70564 
4.26666 8.39518 24.5239 5.7799 
4.3 8.24158 24.5702 5.84602 
4.33333 8.08762 24.6144 5.90327 
4.36666 7.93334 24.6564 5.95102 
4.4 7.77873 24.6963 5.98875 
4.43333 7.62383 24.734 6.01605 
4.46666 7.46865 24.7696 6.03263 
4.5 7.31319 24.803 6.03831 
4.53333 7.15749 24.8342 6.03302 
4.56666 7.00156 24.8633 6.01682 
4.6 6.84541 24.8902 5.9899 
4.63333 6.68906 24.9149 5.95255 
4.66666 6.53253 24.9375 5.90518 
4.7 6.37583 24.9579 5.84831 
4.73333 6.21899 24.9761 5.78257 
4.76666 6.06201 24.9921 5.70867 
4.8 5.90491 25.0059 5.62744 
4.83333 5.74772 25.0176 5.53975 
4.86666 5.59045 25.0271 5.44658 
4.9 5.43311 25.0344 5.34894 
4.93333 5.27573 25.0395 5.2479 
4.96666 5.11831 25.0424 5.14457 
5 4.96088 25.0432 5.04009 
5.03333 4.80345 25.0417 4.9356 
5.06666 4.64605 25.0381 4.83224 
5.1 4.48867 25.0322 4.73115 
5.13333 4.33136 25.0242 4.63343 
5.16666 4.17411 25.014 4.54016 
5.2 4.01694 25.0017 4.45236 
5.23333 3.85989 24.9871 4.37098 
5.26666 3.70295 24.9703 4.29692 
5.3 3.54615 24.9514 4.231 
5.33333 3.3895 24.9303 4.17393 
5.36666 3.23302 24.907 4.12633 
5.4 3.07674 24.8816 4.08873 
5.43333 2.92065 24.854 4.06154 
5.46666 2.76479 24.8242 4.04506 
5.5 2.60917 24.7922 4.03946 
5.53333 2.4538 24.7581 4.04481 
5.56666 2.2987 24.7218 4.06104 
5.6 2.14389 24.6834 4.08798 
5.63333 1.98939 24.6428 4.12533 
5.66666 1.83521 24.6 4.17268 
5.7 1.68137 24.5551 4.2295 
5.73333 1.52788 24.5081 4.29518 
5.76666 1.37476 24.4589 4.36899 
5.8 1.22204 24.4076 4.45012 
5.83333 1.06972 24.3542 4.53768 
5.86666 0.917821 24.2987 4.63071 
5.9 0.766362 24.241 4.72819 
5.93333 0.615359 24.1812 4.82904 
5.96666 0.464829 24.1194 4.93216 
6 0.314787 24.0554 5.03642 
6.03333 0.16525 23.9894 5.14067 
6.06666 0.0162352 23.9212 5.24377 
6.1 -0.132241 23.851 5.34459 
6.13333 -0.280163 23.7787 5.442 
6.16666 -0.427514 23.7044 5.53496 
6.2 -0.574278 23.6279 5.62243 
6.23333 -0.720437 23.5495 5.70346 
6.26666 -0.865977 23.469 5.77714 
6.3 -1.01088 23.3865 5.84268 
6.33333 -1.15513 23.3019 5.89935 
6.36666 -1.29871 23.2154 5.94653 
6.4 -1.44161 23.1268 5.9837 
6.43333 -1.58381 23.0363 6.01044 
6.46666 -1.72529 22.9437 6.02646 
6.5 -1.86604 22.8492 6.03158 
6.53333 -2.00604 22.7527 6.02574 
6.56666 -2.14528 22.6543 6.009 
6.6 -2.28374 22.5539 5.98154 
6.63333 -2.4214 22.4516 5.94366 
6.66666 -2.55825 22.3474 5.89578 
6.7 -2.69428 22.2412 5.8384 
6.73333 -2.82946 22.1332 5.77216 
6.76666 -2.96379 22.0232 5.69778 
6.79999 -3.09725 21.9114 5.61606 
6.83333 -3.22982 21.7977 5.52791 
6.86666 -3.3615 21.6822 5.43428 
6.89999 -3.49225 21.5648 5.3362 
6.93333 -3.62207 21.4456 5.23473 
6.96666 -3.75095 21.3246 5.13099 
6.99999 -3.87887 21.2018 5.02611 
7.03333 -4.00582 21.0772 4.92123 
7.06666 -4.13177 20.9509 4.8175 
7.09999 -4.25673 20.8228 4.71605 
7.13333 -4.38066 20.6929 4.618 
7.16666 -4.50357 20.5613 4.5244 
7.19999 -4.62543 20.428 4.43629 
7.23333 -4.74624 20.293 4.35463 
7.26666 -4.86597 20.1563 4.2803 
7.29999 -4.98462 20.0179 4.21413 
7.33333 -5.10217 19.8779 4.15682 
7.36666 -5.2186 19.7362 4.10902 
7.39999 -5.33392 19.5929 4.07122 
7.43333 -5.4481 19.448 4.04386 
7.46666 -5.56112 19.3016 4.02722 
7.49999 -5.67299 19.1535 4.02149 
7.53333 -5.78368 19.0039 4.02673 
7.56666 -5.89318 18.8527 4.04287 
7.59999 -6.00148 18.7 4.06974 
7.63333 -6.10857 18.5458 4.10703 
7.66666 -6.21444 18.3902 4.15435 
7.69999 -6.31908 18.233 4.21117 
7.73333 -6.42246 18.0744 4.27686 
7.76666 -6.52459 17.9143 4.35071 
7.79999 -6.62545 17.7529 4.4319 
7.83333 -6.72503 17.59 4.51954 
7.86666 -6.82332 17.4257 4.61267 
7.89999 -6.92031 17.2601 4.71026 
7.93333 -7.01598 17.0931 4.81126 
7.96666 -7.11033 16.9248 4.91455 
7.99999 -7.20334 16.7552 5.01899 
8.03333 -7.29501 16.5843 5.12345 
8.06666 -7.38533 16.4122 5.22678 
8.09999 -7.47429 16.2387 5.32784 
8.13333 -7.56187 16.0641 5.42552 
8.16666 -7.64806 15.8882 5.51877 
8.2 -7.73287 15.7111 5.60654 
8.23333 -7.81627 15.5329 5.6879 
8.26666 -7.89826 15.3535 5.76193 
8.3 -7.97883 15.1729 5.82783 
8.33333 -8.05797 14.9913 5.88488 
8.36666 -8.13567 14.8086 5.93245 
8.4 -8.21192 14.6247 5.97003 
8.43333 -8.28673 14.4399 5.9972 
8.46667 -8.36006 14.2539 6.01366 
8.5 -8.43193 14.067 6.01924 
8.53333 -8.50232 13.8791 6.01387 
8.56667 -8.57122 13.6902 5.99762 
8.6 -8.63863 13.5004 5.97066 
8.63334 -8.70453 13.3096 5.9333 
8.66667 -8.76893 13.1179 5.88593 
8.7 -8.83181 12.9254 5.82909 
8.73334 -8.89317 12.7319 5.76339 
8.76667 -8.953 12.5377 5.68957 
8.8 -9.01129 12.3426 5.60842 
8.83334 -9.06804 12.1467 5.52084 
8.86667 -9.12324 11.95 5.42779 
8.90001 -9.17689 11.7525 5.3303 
8.93334 -9.22898 11.5544 5.22943 
8.96667 -9.2795 11.3555 5.12629 
9.00001 -9.32846 11.1559 5.02201 
9.03334 -9.37583 10.9556 4.91774 
9.06667 -9.42162 10.7547 4.81463 
9.10001 -9.46583 10.5532 4.7138 
9.13334 -9.50845 10.3511 4.61636 
9.16668 -9.54947 10.1483 4.52339 
9.20001 -9.58889 9.94506 4.4359 
9.23334 -9.6267 9.74125 4.35486 
9.26668 -9.66291 9.53692 4.28116 
9.30001 -9.6975 9.3321 4.2156 
9.33334 -9.73048 9.12681 4.15891 
9.36668 -9.76184 8.92107 4.11172 
9.40001 -9.79158 8.71491 4.07454 
9.43335 -9.81969 8.50834 4.04779 
9.46668 -9.84617 8.3014 4.03175 
9.50001 -9.87102 8.0941 4.02662 
9.53335 -9.89424 7.88647 4.03244 
9.56668 -9.91582 7.67853 4.04917 
9.60001 -9.93577 7.4703 4.07661 
9.63335 -9.95407 7.26181 4.11447 
9.66668 -9.97073 7.05307 4.16235 
9.70002 -9.98575 6.84412 4.21971 
9.73335 -9.99913 6.63497 4.28594 
9.76668 -10.0109 6.42565 4.36031 
9.80002 -10.0209 6.21618 4.442 
9.83335 -10.0294 6.00658 4.53014 
9.86668 -10.0362 5.79688 4.62376 
9.90002 -10.0413 5.5871 4.72183 
9.93335 -10.0448 5.37726 4.82328 
9.96669 -10.0466 5.16738 4.92701 
10 -10.0468 4.9575 5.03188 
10.0334 -10.0454 4.74762 5.13674 
10.0667 -10.0423 4.53778 5.24046 
10.1 -10.0375 4.328 5.3419 
10.1334 -10.0311 4.11829 5.43994 
10.1667 -10.0231 3.90869 5.53352 
10.2 -10.0134 3.69922 5.62162 
10.2334 -10.0021 3.48989 5.70328 
10.2667 -9.98911 3.28073 5.77759 
10.3 -9.97451 3.07177 5.84376 
10.3334 -9.95827 2.86303 5.90106 
10.3667 -9.94039 2.65452 5.94887 
10.4 -9.92089 2.44628 5.98665 
10.4334 -9.89975 2.23832 6.01401 
10.4667 -9.87699 2.03066 6.03065 
10.5 -9.8526 1.82334 6.03638 
10.5334 -9.82659 1.61637 6.03115 
10.5667 -9.79897 1.40977 6.01502 
10.6 -9.76973 1.20357 5.98816 
10.6334 -9.73888 0.997787 5.95087 
10.6667 -9.70642 0.792446 5.90357 
10.7 -9.67236 0.587568 5.84677 
10.7334 -9.6367 0.383175 5.78109 
10.7667 -9.59945 0.179289 5.70727 
10.8 -9.5606 -0.0240669 5.62611 
10.8334 -9.52017 -0.226872 5.5385 
10.8667 -9.47816 -0.429105 5.4454 
10.9 -9.43456 -0.630742 5.34784 
10.9334 -9.3894 -0.831764 5.24689 
10.9667 -9.34267 -1.03215 5.14364 
11 -9.29437 -1.23187 5.03925 
11.0334 -9.24452 -1.43091 4.93484 
11.0667 -9.19312 -1.62925 4.83157 
11.1 -9.14017 -1.82687 4.73057 
11.1334 -9.08569 -2.02374 4.63295 
11.1667 -9.02966 -2.21985 4.53978 
11.2 -8.97211 -2.41517 4.45207 
11.2334 -8.91304 -2.60968 4.37079 
11.2667 -8.85245 -2.80336 4.29684 
11.3 -8.79035 -2.99619 4.23102 
11.3334 -8.72675 -3.18815 4.17405 
11.3667 -8.66166 -3.37922 4.12656 
11.4 -8.59507 -3.56938 4.08907 
11.4334 -8.527 -3.7586 4.06198 
11.4667 -8.45746 -3.94688 4.04561 
11.5 -8.38645 -4.13417 4.04012 
11.5334 -8.31398 -4.32048 4.04558 
11.5667 -8.24005 -4.50577 4.06192 
11.6 -8.16468 -4.69002 4.08896 
11.6334 -8.08788 -4.87323 4.12642 
11.6667 -8.00964 -5.05536 4.17387 
11.7 -7.92998 -5.23639 4.2308 
11.7334 -7.84891 -5.41631 4.29658 
11.7667 -7.76644 -5.5951 4.3705 
11.8 -7.68257 -5.77274 4.45173 
11.8334 -7.59731 -5.9492 4.53939 
11.8667 -7.51067 -6.12447 4.63251 
11.9 -7.42267 -6.29854 4.73008 
11.9334 -7.3333 -6.47137 4.83102 
11.9667 -7.24258 -6.64295 4.93423 
12 -7.15052 -6.81327 5.03858 
12.0334 -7.05713 -6.9823 5.14291 
12.0667 -6.96241 -7.15003 5.24608 
12.1 -6.86638 -7.31643 5.34697 
12.1334 -6.76905 -7.48149 5.44445 
12.1667 -6.67043 -7.64519 5.53747 
12.2 -6.57052 -7.80751 5.625 
12.2334 -6.46934 -7.96843 5.70608 
12.2667 -6.3669 -8.12794 5.77982 
12.3001 -6.26321 -8.28602 5.84541 
12.3334 -6.15828 -8.44265 5.90212 
12.3667 -6.05212 -8.59781 5.94934 
12.4001 -5.94475 -8.75149 5.98654 
12.4334 -5.83616 -8.90366 6.01331 
12.4667 -5.72639 -9.05432 6.02935 
12.5001 -5.61543 -9.20344 6.0345 
12.5334 -5.5033 -9.35101 6.02867 
12.5667 -5.39 -9.49701 6.01195 
12.6001 -5.27557 -9.64142 5.98451 
12.6334 -5.16 -9.78423 5.94664 
12.6667 -5.0433 -9.92542 5.89875 
12.7001 -4.9255 -10.065 5.84138 
12.7334 -4.8066 -10.2029 5.77514 
12.7667 -4.68661 -10.3391 5.70075 
12.8001 -4.56555 -10.4737 5.61903 
12.8334 -4.44344 -10.6066 5.53087 
12.8667 -4.32028 -10.7377 5.43723 
12.9001 -4.19608 -10.8672 5.33914 
12.9334 -4.07088 -10.9949 5.23765 
12.9667 -3.94466 -11.1208 5.1339 
13.0001 -3.81746 -11.245 5.029 
13.0334 -3.68928 -11.3673 4.9241 
13.0667 -3.56013 -11.4879 4.82035 
13.1001 -3.43004 -11.6067 4.71888 
13.1334 -3.29902 -11.7237 4.6208 
13.1667 -3.16707 -11.8388 4.52718 
13.2001 -3.03423 -11.9521 4.43904 
13.2334 -2.90049 -12.0635 4.35734 
13.2667 -2.76587 -12.173 4.28299 
13.3001 -2.6304 -12.2807 4.21678 
13.3334 -2.49408 -12.3864 4.15944 
13.3667 -2.35693 -12.4902 4.11159 
13.4001 -2.21897 -12.5921 4.07376 
13.4334 -2.0802 -12.6921 4.04636 
13.4667 -1.94066 -12.7902 4.02968 
13.5001 -1.80034 -12.8862 4.0239 
13.5334 -1.65927 -12.9803 4.02909 
13.5667 -1.51747 -13.0725 4.04518 
13.6001 -1.37494 -13.1626 4.072 
13.6334 -1.23171 -13.2508 4.10924 
13.6667 -1.08779 -13.3369 4.15649 
13.7001 -0.943201 -13.421 4.21325 
13.7334 -0.797952 -13.5031 4.27887 
13.7667 -0.652062 -13.5832 4.35265 
13.8001 -0.505548 -13.6612 4.43376 
13.8334 -0.358427 -13.7371 4.52133 
13.8667 -0.210714 -13.811 4.61438 
13.9001 -0.0624259 -13.8829 4.71189 
13.9334 0.08642 -13.9526 4.8128 
13.9667 0.235808 -14.0203 4.91599 
14.0001 0.38572 -14.0858 5.02034 
14.0334 0.53614 -14.1493 5.12469 
14.0667 0.687052 -14.2107 5.22791 
14.1001 0.838438 -14.2699 5.32886 
14.1334 0.990281 -14.3271 5.42644 
14.1667 1.14257 -14.3821 5.51956 
14.2001 1.29527 -14.435 5.60722 
14.2334 1.44839 -14.4857 5.68845 
14.2667 1.60189 -14.5343 5.76236 
14.3001 1.75577 -14.5807 5.82813 
14.3334 1.91 -14.625 5.88506 
14.3667 2.06457 -14.6672 5.9325 
14.4001 2.21946 -14.7071 5.96995 
14.4334 2.37465 -14.7449 5.99699 
14.4667 2.53013 -14.7806 6.01332 
14.5001 2.68588 -14.814 6.01877 
14.5334 2.84188 -14.8453 6.01327 
14.5667 2.99811 -14.8744 5.99689 
14.6001 3.15456 -14.9013 5.96981 
14.6334 3.31122 -14.9261 5.93232 
14.6667 3.46805 -14.9486 5.88483 
14.7001 3.62505 -14.9689 5.82787 
14.7334 3.78219 -14.9871 5.76206 
14.7668 3.93947 -15.003 5.68812 
14.8001 4.09686 -15.0168 5.60686 
14.8334 4.25434 -15.0283 5.51918 
14.8668 4.4119 -15.0377 5.42603 
14.9001 4.56952 -15.0448 5.32844 
14.9334 4.72719 -15.0498 5.22748 
14.9668 4.88488 -15.0525 5.12425 
15.0001 5.04257 -15.0531 5.01989 
15.0334 5.20026 -15.0514 4.91555 
15.0668 5.35792 -15.0475 4.81236 
15.1001 5.51554 -15.0415 4.71147 
15.1334 5.67309 -15.0332 4.61397 
15.1668 5.83057 -15.0227 4.52094 
15.2001 5.98795 -15.0101 4.4334 
15.2334 6.14521 -14.9952 4.35231 
15.2668 6.30235 -14.9781 4.27857 
15.3001 6.45933 -14.9589 4.21298 
15.3334 6.61615 -14.9374 4.15626 
15.3668 6.77279 -14.9138 4.10904 
15.4001 6.92922 -14.888 4.07184 
15.4334 7.08544 -14.8599 4.04506 
15.4668 7.24142 -14.8298 4.02901 
15.5001 7.39715 -14.7974 4.02386 
15.5334 7.55261 -14.7628 4.02968 
15.5668 7.70779 -14.7261 4.0464 
15.6001 7.86266 -14.6873 4.07384 
15.6334 8.01721 -14.6462 4.1117 
15.6668 8.17142 -14.603 4.15957 
15.7001 8.32527 -14.5577 4.21694 
15.7334 8.47876 -14.5102 4.28317 
15.7668 8.63186 -14.4606 4.35755 
15.8001 8.78455 -14.4088 4.43925 
15.8334 8.93682 -14.3549 4.5274 
15.8668 9.08865 -14.2989 4.62103 
15.9001 9.24003 -14.2408 4.71911 
15.9334 9.39094 -14.1806 4.82057 
15.9668 9.54135 -14.1182 4.92431 
16.0001 9.69126 -14.0538 5.02919 
16.0334 9.84065 -13.9873 5.13406 
16.0668 9.9895 -13.9187 5.23779 
16.1001 10.1378 -13.848 5.33923 
16.1334 10.2855 -13.7753 5.43729 
16.1668 10.4327 -13.7005 5.53088 
16.2001 10.5792 -13.6236 5.61899 
16.2334 10.7251 -13.5448 5.70066 
16.2668 10.8704 -13.4638 5.77499 
16.3001 11.0151 -13.3809 5.84118 
16.3334 11.159 -13.296 5.89849 
16.3668 11.3023 -13.209 5.94632 
16.4001 11.4449 -13.1201 5.98413 
16.4334 11.5868 -13.0292 6.01151 
16.4668 11.728 -12.9363 6.02818 
16.5001 11.8684 -12.8415 6.03394 
16.5334 12.0081 -12.7447 6.02874 
16.5668 12.147 -12.6459 6.01264 
16.6001 12.2851 -12.5453 5.98582 
16.6334 12.4224 -12.4427 5.94858 
16.6668 12.5589 -12.3382 5.90132 
16.7001 12.6945 -12.2318 5.84457 
16.7334 12.8293 -12.1236 5.77895 
16.7668 12.9633 -12.0135 5.70518 
16.8001 13.0964 -11.9015 5.62408 
16.8334 13.2286 -11.7876 5.53653 
16.8668 13.3598 -11.672 5.4435 
16.9001 13.4902 -11.5545 5.34601 
16.9334 13.6197 -11.4352 5.24513 
16.9668 13.7482 -11.3141 5.14196 
17.0001 13.8757 -11.1913 5.03765 
17.0334 14.0023 -11.0667 4.93332 
17.0667 14.1279 -10.9403 4.83014 
17.1001 14.2525 -10.8122 4.72923 
17.1334 14.3761 -10.6823 4.6317 
17.1667 14.4986 -10.5508 4.53862 
17.2001 14.6201 -10.4175 4.45101 
17.2334 14.7406 -10.2826 4.36983 
17.2667 14.86 -10.146 4.29597 
17.3001 14.9784 -10.0078 4.23025 
17.3334 15.0956 -9.86787 4.17339 
17.3667 15.2118 -9.72636 4.126 
17.4001 15.3268 -9.58325 4.08861 
17.4334 15.4407 -9.43855 4.06163 
17.4667 15.5535 -9.29227 4.04536 
17.5001 15.6651 -9.14443 4.03998 
17.5334 15.7756 -8.99505 4.04554 
17.5667 15.8849 -8.84414 4.06198 
17.6001 15.993 -8.69172 4.08914 
17.6334 16.0999 -8.5378 4.12669 
17.6667 16.2056 -8.38241 4.17425 
17.7001 16.3101 -8.22555 4.23128 
17.7334 16.4134 -8.06725 4.29716 
17.7667 16.5154 -7.90752 4.37117 
17.8001 16.6161 -7.74638 4.4525 
17.8334 16.7156 -7.58384 4.54026 
17.8667 16.8139 -7.41993 4.63348 
17.9001 16.9108 -7.25465 4.73114 
17.9334 17.0064 -7.08804 4.83218 
17.9667 17.1008 -6.9201 4.93547 
18.0001 17.1938 -6.75086 5.03991 
18.0334 17.2855 -6.58033 5.14432 
18.0667 17.3758 -6.40852 5.24758 
18.1001 17.4649 -6.23547 5.34855 
18.1334 17.5525 -6.06119 5.44612 
18.1667 17.6388 -5.88568 5.53922 
18.2001 17.7237 -5.70899 5.62683 
18.2334 17.8072 -5.53112 5.70799 
18.2667 17.8894 -5.35209 5.7818 
18.3001 17.9701 -5.17192 5.84747 
18.3334 18.0494 -4.99063 5.90425 
18.3667 18.1273 -4.80824 5.95154 
18.4001 18.2037 -4.62478 5.98881 
18.4334 18.2788 -4.44025 6.01565 
18.4667 18.3523 -4.25468 6.03176 
18.5001 18.4244 -4.06809 6.03696 
18.5334 18.4951 -3.8805 6.0312 
18.5667 18.5642 -3.69193 6.01454 
18.6001 18.6319 -3.5024 5.98715 
18.6334 18.6981 -3.31193 5.94934 
18.6667 18.7628 -3.12054 5.90151 
18.7001 18.826 -2.92826 5.84419 
18.7334 18.8877 -2.73509 5.77799 
18.7667 18.9478 -2.54107 5.70365 
18.8001 19.0065 -2.34621 5.62197 
18.8334 19.0636 -2.15054 5.53385 
18.8667 19.1191 -1.95408 5.44025 
18.9001 19.1731 -1.75685 5.34218 
18.9334 19.2256 -1.55886 5.24073 
18.9667 19.2765 -1.36015 5.137 
19.0001 19.3258 -1.16073 5.03212 
19.0334 19.3736 -0.96063 4.92724 
19.0667 19.4197 -0.759865 4.8235 
19.1001 19.4643 -0.558459 4.72204 
19.1334 19.5073 -0.356434 4.62396 
19.1667 19.5487 -0.153813 4.53034 
19.2001 19.5886 0.0493815 4.44219 
19.2334 19.6268 0.253128 4.36049 
19.2667 19.6634 0.457403 4.28612 
19.3 19.6984 0.662184 4.21989 
19.3334 19.7317 0.86745 4.16253 
19.3667 19.7635 1.07318 4.11465 
19.4 19.7936 1.27934 4.07679 
19.4334 19.8221 1.48592 4.04935 
19.4667 19.849 1.69289 4.03263 
19.5 19.8742 1.90024 4.0268 
19.5334 19.8978 2.10793 4.03194 
19.5667 19.9197 2.31594 4.04797 
19.6 19.94 2.52425 4.07473 
19.6334 19.9587 2.73284 4.1119 
19.6667 19.9757 2.94169 4.1591 
19.7 19.9911 3.15076 4.21578 
19.7334 20.0048 3.36004 4.28133 
19.7667 20.0169 3.56951 4.35503 
19.8 20.0273 3.77914 4.43607 
19.8334 20.036 3.98891 4.52355 
19.8667 20.0431 4.19879 4.61651 
19.9 20.0486 4.40876 4.71394 
19.9334 20.0523 4.6188 4.81476 
19.9667 20.0544 4.82888 4.91787 
